76
132
27
15
153
125
19
130
23
132
27
112
10
19
14
53
132
15
135
112
98
27
14
1
36
17
135
101
142
45
122
157
131
123
38
83
83
15
7
132
53
105
53
134
55
6
20
31
60
85
159
17
45
23
11
77
112
135
22
158
135
136
90
36
63
135
72
84
9
86
13
114
109
15
78
125
86
131
99
121
105
15
84
44
45
135
11
59
135
132
102
11
90
84
132
135
43
132
135
85
136
101
41
122
71
135
132
41
12
86
62
25
114
6
116
112
113
132
37
72
135
53
43
102
157
101
155
123
14
135
85
80
94
132
123
22
109
135
62
53
135
135
8
67
43
12
114
125
31
139
132
81
11
157
120
15
15
87
63
157
132
132
53
135
84
71
21
132
124
15
15
48
36
31
9
37
53
61
21
15
105
3
135
123
135
11
132
135
64
22
84
36
37
135
94
14
60
132
11
157
139
135
71
15
14
101
86
19
105
117
78
29
98
135
155
135
135
132
27
22
72
91
114
11
82
132
36
63
114
118
140
12
41
16
15
88
53
58
157
11
86
15
84
9
135
32
101
123
129
135
11
114
142
76
43
156
135
15
98
157
135
11
4
9
135
76
53
125
15
16
74
112
135
112
142
26
6
123
120
14
83
15
10
17
114
118
118
132
31
102
135
11
158
25
135
135
145
123
86
71
156
83
95
69
12
76
135
135
14
119
58
52
17
80
83
80
112
114
16
37
135
132
68
45
131
105
113
30
36
48
81
105
135
99
135
135
87
18
105
118
20
101
84
156
135
132
15
22
135
52
44
135
22
114
15
17
132
14
130
89
135
135
53
39
123
135
130
86
76
113
15
20
71
137
62
132
15
76
135
97
112
2
102
36
12
88
123
105
11
71
26
42
44
157
84
7
157
15
142
132
53
44
78
109
157
135
135
101
125
23
47
81
130
135
15
15
123
46
38
135
135
92
135
132
20
135
157
130
105
132
135
99
135
15
60
15
45
37
135
63
15
45
158
120
135
105
6
135
14
79
135
101
45
76
77
135
112
26
60
83
144
14
79
15
76
45
89
99
58
18
102
37
76
12
63
155
45
135
135
11
120
76
27
13
157
37
7
135
64
29
14
135
135
134
37
139
81
15
15
112
135
36
135
20
78
135
135
99
66
120
20
99
56
135
121
135
14
123
27
102
118
118
37
135
74
156
118
11
135
43
16
17
135
112
112
127
29
31
29
83
132
105
135
52
129
135
15
132
12
62
37
105
78
135
135
97
52
15
135
61
11
72
125
7
32
105
15
135
135
112
64
22
142
118
135
135
135
123
140
129
29
29
140
105
135
27
67
122
74
4
15
67
130
27
70
62
105
32
114
56
132
157
156
82
135
53
11
7
83
99
37
114
84
68
142
58
53
72
105
132
82
35
24
72
135
125
135
98
156
135
156
15
17
113
6
135
118
76
22
62
27
132
94
87
55
97
17
11
132
135
72
80
101
135
3
10
53
112
71
135
27
85
125
53
17
117
114
63
135
119
132
135
135
63
43
6
139
138
135
78
67
8
155
75
98
130
30
58
53
16
72
15
15
105
69
62
135
54
62
37
118
132
141
10
34
135
102
76
63
102
96
132
132
115
86
99
14
64
135
3
138
157
18
135
135
132
14
21
98
28
19
105
158
22
15
132
26
19
135
142
3
50
45
132
10
130
76
10
135
105
78
151
84
64
105
156
15
135
105
138
53
112
38
11
77
141
1
135
130
135
135
135
20
122
84
102
15
135
97
36
15
132
130
87
135
83
112
135
15
55
27
46
118
53
98
15
14
140
130
135
64
89
67
12
101
19
123
135
86
92
15
11
23
26
132
36
15
15
84
63
76
96
117
15
14
141
135
96
11
125
132
75
53
17
87
74
58
43
89
157
15
15
66
135
21
58
71
155
38
123
135
103
157
64
15
130
135
81
19
69
135
90
135
15
135
24
33
135
35
28
135
14
36
153
14
83
157
135
36
135
15
105
31
138
70
76
135
135
36
157
140
118
15
25
81
26
6
157
16
31
98
19
11
84
115
78
135
112
96
5
37
36
101
67
60
72
37
11
73
137
15
97
42
135
83
55
28
58
11
14
14
14
158
135
44
118
135
15
135
83
135
75
10
112
125
113
15
15
53
130
140
135
27
62
20
59
16
158
94
78
8
107
104
105
81
120
16
141
135
136
11
112
15
135
105
42
118
110
98
121
88
135
102
70
45
130
84
102
84
101
3
142
136
105
23
135
10
125
21
11
125
67
67
14
125
119
81
156
78
19
30
15
115
135
134
107
36
102
83
59
84
123
61
112
142
11
78
135
71
129
79
15
113
15
3
21
56
118
11
107
15
49
11
78
112
84
17
71
55
135
11
116
36
62
7
118
157
98
135
123
21
63
30
118
17
132
70
53
112
132
61
153
132
15
97
14
36
84
2
19
15
69
11
132
112
11
135
156
76
11
14
157
132
76
118
135
19
135
27
125
110
19
11
6
11
15
116
135
30
59
135
135
15
45
11
45
15
15
135
6
15
158
11
65
15
12
55
132
112
132
135
44
64
53
36
74
15
102
83
53
64
11
67
11
88
135
60
112
120
123
69
84
36
20
156
15
114
15
132
76
130
74
155
123
118
112
135
72
86
112
135
74
94
75
11
11
14
15
15
156
86
132
105
123
19
75
45
135
123
71
19
74
23
122
130
53
76
81
64
132
45
15
123
15
31
37
132
109
15
14
11
105
67
15
141
41
145
53
105
135
113
107
37
7
69
52
77
45
45
29
55
101
97
130
63
135
17
52
17
7
75
118
135
159
135
140
72
13
104
9
68
37
132
123
71
135
135
156
135
20
72
32
11
156
67
16
13
15
65
74
132
10
67
81
16
116
45
105
61
135
126
45
157
22
23
19
14
135
140
87
19
78
135
15
15
85
130
45
87
99
78
84
44
84
120
118
130
130
15
53
132
35
2
135
85
11
89
64
120
114
43
84
130
135
24
112
135
15
130
84
25
126
123
112
107
135
157
16
105
98
14
37
11
36
63
135
15
14
79
107
21
118
15
135
156
37
135
83
87
98
132
112
135
101
140
118
113
126
135
33
8
15
111
135
14
132
135
37
15
135
89
135
129
15
31
71
17
64
53
84
36
53
132
53
23
15
72
3
2
68
134
7
53
78
113
45
123
132
10
36
132
81
78
135
132
135
59
135
43
135
157
45
114
15
6
135
113
88
135
14
87
120
89
99
15
135
72
135
78
64
135
142
15
88
53
2
12
135
122
8
135
135
135
20
15
135
135
67
15
135
135
53
132
85
15
89
135
123
15
11
47
3
11
98
121
135
55
135
6
132
25
101
68
142
101
43
14
67
84
135
135
67
135
135
28
6
135
142
105
105
135
135
71
53
120
81
23
15
135
118
14
8
78
74
131
132
126
61
130
23
112
15
135
53
156
116
68
135
135
135
123
84
11
38
111
20
10
97
15
19
121
136
135
15
14
84
41
128
77
157
135
90
36
36
14
72
97
45
11
15
44
29
3
11
114
83
58
63
106
49
44
129
125
76
65
101
85
132
84
50
123
54
50
135
109
121
15
135
132
105
130
58
86
135
135
132
84
37
41
83
53
27
132
156
62
135
158
122
98
83
71
52
112
135
56
155
159
36
85
105
60
135
84
140
62
139
12
157
44
84
135
135
130
121
77
105
18
117
83
99
105
84
135
118
10
112
76
132
141
56
85
11
118
15
15
5
43
38
118
15
112
39
87
121
11
15
15
94
42
86
135
45
47
89
7
99
94
15
71
60
11
85
19
63
15
71
156
15
88
105
130
116
130
135
135
15
64
86
37
14
36
73
157
135
130
19
116
71
16
15
102
15
28
135
15
79
59
14
62
6
15
117
7
118
19
107
105
88
78
15
37
122
44
116
19
53
72
64
88
64
83
71
135
31
52
7
155
123
17
53
132
63
85
117
135
158
135
13
11
94
104
132
117
20
82
59
158
114
157
102
84
13
135
135
81
69
67
135
155
102
135
16
17
135
135
44
135
59
116
17
98
72
13
135
135
60
65
112
86
135
92
84
119
64
130
135
80
158
10
67
135
135
18
63
14
67
121
125
135
135
80
53
135
96
37
101
64
79
135
111
11
81
118
45
15
135
10
64
27
132
94
159
77
157
141
47
135
123
68
132
64
20
98
156
15
85
15
123
36
132
9
121
132
32
29
2
8
136
135
45
15
78
84
121
15
105
23
10
15
11
67
135
111
15
53
135
138
135
130
98
144
112
53
135
85
19
37
159
15
75
64
104
36
130
135
44
112
47
135
2
135
23
135
36
105
7
132
135
89
14
19
132
52
43
86
86
109
120
98
12
118
75
80
126
14
2
15
19
76
42
43
101
15
45
51
63
156
112
110
10
142
7
1
45
55
71
153
135
72
98
20
12
20
20
75
20
123
135
72
34
142
11
130
37
155
84
118
155
11
140
47
132
135
35
12
15
84
85
10
61
132
27
123
24
19
87
135
132
122
88
132
135
155
112
37
132
67
123
135
55
15
157
41
132
12
157
123
111
14
126
135
137
23
124
78
135
26
135
135
63
67
132
20
63
10
123
30
89
123
23
123
32
135
53
130
17
123
53
87
112
89
132
4
84
15
26
101
15
131
43
78
159
116
144
20
101
37
79
14
87
82
18
53
135
109
15
97
61
105
8
126
11
71
15
85
131
37
135
87
9
53
53
71
98
114
94
132
23
157
123
132
135
7
135
135
84
45
114
135
125
129
135
73
11
17
11
64
112
135
87
86
17
19
7
11
101
140
157
64
155
19
63
120
135
2
132
60
119
112
95
23
135
53
84
135
140
14
17
76
15
11
98
41
8
80
53
10
135
4
130
8
60
6
135
76
135
125
28
84
135
153
14
86
71
157
11
135
118
135
88
125
15
15
109
71
31
116
37
157
157
132
37
71
135
157
102
118
54
15
111
87
15
114
70
11
11
131
156
50
118
39
90
135
53
76
15
132
135
17
21
76
135
135
123
157
34
13
29
15
130
85
123
135
37
14
135
86
142
132
157
114
45
63
130
87
58
15
135
78
135
36
154
15
129
23
156
135
7
14
15
15
157
84
83
131
20
14
101
129
61
27
10
135
130
69
125
15
125
64
21
118
23
112
132
135
135
118
132
114
44
135
102
78
31
15
8
14
15
122
126
113
43
130
102
81
135
157
58
117
35
8
135
69
11
120
15
71
71
64
53
63
11
125
135
135
132
2
53
97
88
142
125
23
67
64
78
132
135
58
32
102
97
14
11
79
95
99
41
132
111
98
130
135
98
130
157
41
105
135
123
7
36
94
130
14
64
130
2
135
44
16
135
135
36
15
135
135
37
36
43
135
109
15
40
87
15
111
115
95
135
7
140
36
156
102
7
132
135
118
32
20
135
126
10
135
87
89
111
23
15
44
135
84
157
135
141
99
31
103
118
15
23
53
57
39
95
14
123
52
135
94
112
111
55
19
49
125
22
140
11
4
132
135
23
53
98
71
135
22
95
23
44
45
7
27
11
132
94
125
12
32
59
15
37
15
15
60
14
101
45
135
85
132
132
67
15
125
115
135
21
64
78
79
135
18
111
118
118
18
71
114
84
135
3
135
132
132
22
79
11
135
85
132
23
158
132
30
135
53
36
135
44
7
62
53
105
157
156
62
11
101
11
61
129
27
84
98
132
53
83
122
94
125
52
118
130
101
101
53
64
83
64
32
71
26
98
8
84
45
78
66
135
138
64
53
64
53
3
86
125
30
135
98
98
135
88
75
102
156
68
64
56
112
156
135
14
94
11
64
44
14
61
78
135
53
81
114
76
15
126
157
11
71
15
157
130
76
41
135
26
101
113
37
45
135
71
9
15
140
123
15
142
135
45
157
153
135
27
136
109
15
12
132
135
118
45
55
81
39
78
135
135
64
56
68
15
135
135
62
135
88
3
123
11
47
81
81
45
53
35
142
64
53
17
84
79
113
5
125
83
135
76
60
114
52
136
6
55
94
53
45
135
135
111
15
85
76
39
15
99
10
15
71
135
75
98
2
122
45
83
135
77
90
15
29
132
84
15
94
141
27
135
67
60
64
105
9
17
96
76
11
114
37
125
120
121
132
15
90
48
22
53
135
122
109
84
76
46
135
78
53
48
132
99
45
135
53
11
111
11
135
64
5
27
58
86
132
45
121
14
110
14
125
159
135
11
16
15
37
147
135
135
132
88
102
157
64
15
135
120
45
105
79
14
109
105
135
94
135
130
130
106
45
113
81
112
105
135
135
72
14
36
11
22
89
15
20
135
135
48
14
86
16
72
88
36
130
71
98
135
19
109
135
11
76
135
64
36
156
11
76
85
11
64
15
157
101
106
135
80
135
119
16
11
19
102
37
37
15
64
135
7
15
56
15
17
135
59
135
9
23
53
15
82
56
101
44
71
135
98
23
75
123
8
135
37
135
76
53
122
95
125
135
135
118
37
14
135
15
135
86
78
104
5
8
45
45
55
135
22
18
44
19
116
15
14
9
114
132
41
114
36
156
11
11
49
72
135
157
114
11
11
106
132
135
94
118
101
135
141
81
158
16
10
64
135
16
36
157
93
11
135
155
135
135
118
11
76
135
112
11
23
135
15
15
23
158
97
78
159
158
105
15
135
71
71
112
72
135
135
8
14
61
9
1
53
92
114
11
157
120
76
112
156
9
58
84
132
110
40
12
63
120
11
135
65
67
136
16
135
53
64
112
130
53
118
5
135
76
11
15
78
40
132
19
63
118
89
101
15
120
125
103
122
27
132
97
61
135
14
120
45
118
132
130
53
48
64
53
135
132
15
135
135
3
135
11
141
102
135
79
15
45
15
135
116
23
15
53
135
76
122
23
105
64
15
89
120
64
16
112
105
67
135
135
19
53
51
45
135
118
47
63
61
109
132
56
23
114
15
11
15
135
135
44
32
131
135
56
11
89
135
105
106
84
113
97
78
94
112
118
81
36
79
135
15
73
122
118
53
97
56
72
45
28
15
15
97
112
101
52
18
42
135
15
36
84
97
44
35
135
36
37
118
123
15
23
135
123
14
15
53
22
135
10
125
14
98
64
157
135
130
15
98
45
135
91
105
135
135
45
53
14
135
135
84
142
135
15
61
135
135
19
105
37
15
98
15
118
15
59
99
123
17
79
15
19
101
45
126
95
69
135
1
142
8
46
159
64
62
14
135
131
37
135
14
135
135
14
23
98
118
135
112
76
135
85
53
157
139
15
15
29
41
123
75
84
61
135
135
135
15
64
53
132
34
81
134
115
77
14
84
125
102
135
38
15
125
37
132
135
23
52
76
11
142
135
15
11
15
36
9
135
29
111
135
118
159
76
99
102
52
159
83
125
10
84
73
40
15
132
95
64
10
18
14
15
94
50
127
135
135
45
32
16
97
19
14
156
105
135
14
53
141
78
135
118
15
11
135
23
135
97
22
102
123
68
94
120
98
135
112
15
7
15
49
105
73
27
135
135
120
144
57
15
116
101
10
132
11
135
105
27
83
135
14
59
132
61
125
45
76
135
14
135
135
2
12
63
80
135
79
44
23
7
79
84
72
135
84
101
135
15
13
76
5
75
135
49
155
15
97
11
135
63
80
84
42
15
10
40
122
37
63
130
19
65
15
109
61
15
15
118
118
11
135
10
37
129
135
7
63
53
135
157
132
75
135
104
7
44
114
45
53
105
14
53
53
125
76
64
8
135
105
11
157
19
102
45
48
101
11
142
157
135
16
3
135
25
36
135
12
132
76
74
11
53
44
45
15
15
16
58
135
14
8
135
53
14
83
135
132
15
67
135
53
135
105
53
11
10
153
2
116
118
53
102
12
123
159
11
65
154
116
89
40
118
72
159
140
15
73
78
45
135
140
1
57
86
26
96
74
53
14
157
23
15
67
45
7
15
17
15
64
142
135
18
135
36
135
11
11
135
132
18
36
37
85
112
7
135
132
119
69
139
73
11
68
67
15
135
43
84
135
67
58
94
23
114
49
43
15
135
67
94
135
94
105
132
137
135
67
132
114
67
135
132
15
135
141
63
101
15
118
132
122
12
15
15
11
68
135
123
14
56
135
15
135
21
121
38
64
49
23
19
15
105
32
135
141
159
132
135
135
20
135
98
67
38
14
53
15
130
15
135
11
15
118
135
85
135
78
122
120
19
157
114
71
135
135
15
66
130
16
36
135
56
83
17
101
82
11
20
88
45
85
15
124
11
135
53
135
94
140
139
135
31
23
15
45
105
36
84
101
7
78
135
13
72
135
44
101
135
79
105
86
17
17
132
135
72
15
135
102
105
102
71
135
90
37
15
157
45
135
11
135
24
63
90
18
130
135
135
88
132
11
11
135
15
142
142
94
18
125
16
94
101
15
1
135
126
15
96
15
67
49
157
84
135
140
140
157
86
36
15
90
123
11
11
135
136
98
55
135
88
54
71
75
154
89
135
84
5
132
15
52
135
132
89
16
120
124
72
116
13
135
76
39
97
19
102
141
63
116
47
88
22
135
49
64
36
14
126
76
103
135
119
84
119
14
45
15
39
19
132
135
7
79
114
64
48
120
157
16
76
15
130
45
74
18
64
135
135
19
15
135
23
67
12
135
39
7
86
27
114
132
36
37
94
116
135
118
137
121
130
118
132
14
124
27
101
159
135
27
132
52
82
53
135
157
15
112
109
95
135
129
33
20
78
77
79
131
156
84
45
27
123
53
86
14
135
114
135
58
15
112
123
123
6
122
11
135
118
98
72
107
156
11
55
98
135
135
94
102
132
135
90
84
122
17
56
159
15
75
60
125
140
10
79
15
121
63
135
135
123
15
17
101
118
141
98
133
18
135
135
11
11
105
71
16
121
135
132
130
15
15
23
53
114
105
101
102
71
83
135
74
135
118
61
83
158
15
2
157
132
76
62
71
101
53
157
101
120
10
22
159
132
71
71
157
37
9
76
79
135
135
135
116
31
36
118
135
98
135
102
23
84
98
156
44
63
41
43
135
142
19
102
11
53
56
44
153
26
15
135
125
132
52
140
94
23
15
15
82
135
135
61
71
54
37
11
153
14
43
135
36
137
36
11
135
63
136
138
76
19
135
132
135
118
125
23
112
37
15
136
52
41
59
135
122
15
135
157
15
135
15
155
98
156
45
78
118
85
73
135
15
131
98
99
132
11
16
15
67
135
135
132
157
132
72
47
105
85
76
47
45
97
23
135
67
135
132
15
23
118
153
76
118
135
71
14
105
99
16
98
153
120
4
71
36
76
57
126
12
135
105
110
11
7
62
118
157
20
132
18
41
141
101
135
120
7
23
11
39
67
156
76
59
135
36
137
135
132
135
101
58
132
157
87
1
135
101
15
107
15
71
19
78
156
135
137
135
23
53
123
53
71
155
4
135
135
135
157
135
132
15
112
135
76
14
23
72
86
157
45
15
61
135
120
135
142
78
118
135
101
86
102
89
102
94
22
142
37
135
131
137
15
123
3
53
15
154
101
15
121
28
14
45
135
15
59
22
135
135
135
121
15
27
36
2
135
158
11
135
78
83
74
5
15
27
120
52
78
85
11
23
65
142
15
89
76
19
64
11
11
157
105
135
97
157
135
23
53
121
135
64
101
135
15
94
11
113
153
98
135
101
11
71
15
15
53
67
53
123
15
22
105
120
37
105
20
14
8
84
156
90
135
53
122
70
132
14
58
76
135
15
72
134
15
88
13
157
11
79
39
114
158
68
142
15
157
124
135
155
71
135
2
141
84
112
11
15
132
135
67
135
76
101
156
70
136
23
132
132
11
102
135
135
26
135
15
123
132
122
132
60
37
135
123
45
55
12
36
11
10
135
135
97
135
11
135
135
135
132
123
123
135
45
95
135
53
99
11
43
105
44
135
135
76
84
44
15
109
22
135
19
63
36
112
74
155
23
15
36
44
53
84
111
11
135
11
15
62
27
15
29
8
32
17
123
135
14
132
23
73
71
120
84
12
98
111
15
135
64
135
45
135
135
135
15
15
105
87
122
36
15
135
84
142
37
17
140
141
20
135
29
64
102
118
44
78
20
105
19
9
22
131
119
135
38
137
11
102
123
137
113
22
121
135
135
44
9
142
135
78
19
123
135
31
30
45
11
84
132
135
135
15
86
45
105
102
81
102
12
83
15
78
89
111
157
36
132
74
11
72
127
153
156
102
135
76
77
155
97
13
132
136
64
88
22
132
132
56
114
72
135
135
135
76
45
132
69
45
83
19
153
69
85
118
116
135
135
113
135
15
135
23
116
105
113
86
112
73
59
105
27
112
135
11
40
105
123
135
24
157
21
72
132
12
14
117
135
120
132
55
84
49
23
74
132
85
98
125
132
71
60
15
111
37
36
135
135
102
125
132
71
105
64
98
15
62
104
5
135
132
76
11
83
11
38
135
49
15
5
50
114
23
85
40
135
122
11
153
14
83
71
37
17
6
98
134
37
17
27
90
135
15
83
120
157
135
112
37
58
119
8
81
45
132
132
112
29
99
159
112
32
15
134
11
83
111
68
105
71
76
9
131
135
21
63
17
53
123
15
107
141
134
15
15
11
71
47
15
57
135
105
35
31
15
90
135
125
83
11
135
45
15
135
60
71
86
64
15
23
15
97
135
49
76
132
135
135
132
135
112
7
122
64
53
32
119
11
71
17
71
64
135
120
14
84
15
157
135
64
11
64
23
105
86
15
109
37
69
3
135
36
45
99
14
135
37
83
2
15
107
49
44
140
140
27
124
15
15
135
120
118
104
118
135
63
141
15
15
101
135
29
76
135
105
135
101
97
135
70
54
79
27
156
105
113
32
140
102
45
9
83
15
27
37
15
135
118
11
135
98
140
15
67
49
15
78
142
13
37
113
135
157
22
118
11
15
142
135
62
10
44
20
105
135
135
43
14
15
135
112
27
15
135
159
125
101
156
15
36
153
53
71
135
15
119
37
94
139
97
135
15
16
158
43
62
25
135
130
113
55
15
76
132
99
135
15
14
14
74
112
135
12
101
135
71
124
7
15
64
142
95
135
105
155
135
15
24
52
64
133
63
15
124
78
81
17
67
131
135
1
125
31
53
67
137
113
19
11
127
142
132
135
64
132
132
135
135
11
15
11
130
118
39
132
51
94
158
15
76
45
118
63
53
123
92
19
157
132
67
64
79
135
135
111
105
114
23
135
102
53
7
15
135
83
23
156
135
135
64
135
84
119
2
140
89
102
135
43
135
112
103
94
19
15
132
79
6
76
135
132
76
11
76
141
132
135
132
135
14
11
53
15
63
135
11
124
130
111
17
135
135
2
84
1
95
81
15
135
135
135
27
135
11
135
94
104
7
135
31
118
131
132
135
118
11
67
157
135
67
15
36
135
43
36
23
129
27
84
15
31
36
52
135
101
27
53
135
71
78
75
135
11
16
118
157
132
125
67
15
27
15
2
71
83
135
14
135
157
141
157
76
20
142
135
64
127
39
10
135
97
125
105
62
157
76
112
105
78
101
83
97
135
28
135
64
16
125
117
30
43
73
157
135
57
64
123
118
101
101
78
102
111
15
23
42
11
132
95
82
15
135
45
11
43
114
12
135
125
2
135
90
58
130
80
45
88
52
40
14
142
32
80
76
118
112
153
132
132
120
14
105
135
54
22
16
94
129
50
142
76
67
36
76
159
156
132
53
85
135
135
64
135
15
132
11
132
76
76
78
157
114
82
135
81
38
132
14
62
63
84
7
84
86
15
11
105
36
132
60
6
11
19
11
23
31
2
67
97
37
53
135
132
10
103
4
95
15
135
135
37
83
135
84
15
135
12
138
14
135
132
52
135
135
132
135
135
15
135
105
55
135
135
3
26
26
89
78
132
52
135
111
135
135
55
45
76
135
67
15
78
29
135
135
8
135
15
45
130
135
125
17
95
11
118
27
135
27
30
127
5
11
118
36
116
135
132
78
15
135
78
11
112
142
135
135
15
16
80
140
16
87
130
55
71
71
105
90
34
15
156
15
135
76
8
36
67
98
84
67
94
30
6
52
32
123
31
85
94
83
71
155
135
135
33
111
76
156
48
17
135
16
105
37
135
135
53
11
52
105
135
50
60
95
124
10
76
97
83
43
15
69
20
12
130
135
90
111
122
114
15
135
121
12
132
83
123
84
27
105
99
52
118
135
53
58
6
8
118
22
98
135
11
76
76
17
83
89
80
78
81
21
159
15
60
78
11
135
139
39
124
15
76
15
157
15
45
37
11
155
137
74
135
42
16
35
48
15
36
9
53
55
67
135
15
116
15
15
37
135
135
105
55
135
15
11
135
72
86
37
56
135
15
157
135
20
55
31
112
122
132
135
45
119
136
15
135
135
49
32
48
8
63
120
140
135
84
101
77
135
56
156
76
64
135
135
20
102
155
63
101
88
15
70
132
105
14
135
20
135
76
80
11
135
50
109
49
56
123
158
118
64
89
134
132
132
64
135
29
71
54
112
98
45
102
105
124
19
34
52
117
19
135
84
116
130
123
84
15
82
27
135
140
88
15
156
71
135
116
15
78
158
109
15
17
37
135
120
8
130
15
122
135
15
26
30
11
64
72
82
130
109
3
76
102
76
14
13
15
76
135
123
4
67
135
37
157
7
114
118
135
15
135
22
135
16
135
52
132
135
15
111
82
2
53
53
118
135
135
78
50
71
123
11
67
142
139
16
15
15
11
17
60
140
82
140
45
15
7
36
135
84
15
135
135
37
3
135
139
12
63
120
31
105
45
135
135
11
55
11
15
31
14
158
78
135
37
118
36
157
118
114
122
135
67
81
20
123
123
135
11
15
126
135
15
102
45
76
80
15
130
15
15
135
7
113
14
14
37
53
112
132
132
132
135
36
81
123
121
135
64
139
15
135
64
94
102
60
113
20
125
10
71
22
73
105
130
11
102
11
124
53
135
111
111
67
142
83
132
82
135
84
15
159
31
132
16
7
157
135
132
27
101
156
116
64
112
135
135
123
104
77
159
54
11
14
11
64
16
135
109
132
135
14
132
58
84
130
32
14
130
44
126
137
7
125
53
50
12
135
98
15
78
102
132
135
84
11
78
17
14
22
80
64
136
82
135
67
135
11
135
12
76
157
5
157
107
130
112
135
135
86
130
17
3
36
135
141
132
121
64
114
53
84
17
14
8
135
47
135
135
22
15
11
74
111
76
76
37
102
118
157
125
11
15
41
15
31
112
142
15
23
95
135
79
15
12
10
48
105
130
7
135
11
111
97
83
105
72
11
19
141
98
118
109
135
63
15
15
114
112
135
103
154
135
15
120
84
11
23
10
142
15
84
135
81
15
14
125
135
105
1
140
97
15
29
138
132
140
135
15
98
17
111
10
130
135
118
135
59
118
15
75
118
102
37
157
80
72
129
45
15
155
101
132
85
76
15
15
95
56
18
10
15
114
98
135
19
157
78
135
132
135
112
135
105
15
130
52
11
88
120
42
156
18
125
19
82
118
36
53
75
36
135
14
14
132
19
61
130
105
15
135
135
96
15
99
17
28
18
45
159
44
135
7
15
11
59
77
20
101
155
99
135
112
22
76
13
15
135
15
56
15
114
135
101
114
135
84
77
45
68
45
130
112
2
64
135
114
88
12
45
102
76
14
132
111
135
135
49
19
7
132
14
132
14
132
43
15
14
135
135
107
9
127
15
11
135
10
51
5
14
98
11
73
15
40
11
140
22
40
1
14
114
135
153
135
84
11
135
19
61
15
135
123
12
21
120
15
64
15
105
140
114
14
135
49
118
118
97
69
112
66
35
118
15
83
145
135
40
45
78
130
20
11
102
28
87
30
15
135
135
136
84
9
17
98
8
18
155
109
50
135
43
135
71
135
132
83
62
101
113
132
45
152
11
23
14
15
15
132
130
140
104
45
112
15
19
105
132
105
58
135
7
69
77
54
23
118
85
124
76
76
15
122
135
118
52
20
135
135
19
84
132
45
112
135
112
11
111
114
37
12
74
135
20
135
135
135
157
17
134
130
16
118
89
32
97
123
15
63
105
101
77
135
105
35
84
157
123
37
84
118
135
71
132
157
72
37
135
22
73
105
155
45
64
132
71
135
157
11
94
7
102
72
64
114
120
136
86
53
76
101
135
74
135
15
79
54
86
9
132
112
135
84
37
41
7
11
132
132
122
113
74
14
68
114
157
11
19
68
11
61
14
14
116
30
15
89
112
47
15
135
15
10
14
101
114
157
20
140
119
15
4
118
86
81
26
78
91
125
98
135
135
8
15
10
121
64
135
43
136
27
19
125
135
53
33
135
37
155
135
123
98
135
42
45
47
118
90
22
37
17
21
15
112
135
76
114
140
135
23
20
76
135
132
53
18
120
15
136
11
105
7
48
19
28
27
11
97
125
135
105
25
141
109
118
7
78
53
132
140
98
112
76
118
105
72
90
62
70
84
31
64
16
135
77
135
61
94
11
98
14
53
83
125
157
10
132
81
142
37
135
135
135
41
135
135
135
135
89
15
4
23
64
130
84
84
132
14
135
132
114
135
34
113
64
11
135
2
130
15
107
153
132
64
140
94
21
131
135
6
97
35
135
16
44
135
132
78
15
11
99
157
71
105
80
97
118
131
132
15
123
135
135
73
127
86
156
16
155
89
102
63
14
135
132
15
50
15
135
84
112
37
79
130
15
135
132
135
7
52
99
48
31
135
125
37
63
88
135
135
132
15
111
13
134
63
83
135
122
71
135
132
72
132
135
131
77
61
11
15
9
83
123
53
34
15
135
80
135
122
35
61
135
19
121
105
56
11
44
45
140
9
123
17
142
15
84
105
156
11
37
119
55
15
7
135
136
86
15
135
138
15
132
68
157
98
98
11
11
123
84
99
76
19
135
135
120
118
18
14
84
11
31
123
135
114
2
45
130
156
36
118
11
14
84
118
118
135
37
67
11
98
135
119
98
15
119
156
132
15
37
17
76
45
132
71
55
83
97
132
117
140
132
36
125
135
135
15
135
132
15
142
11
156
52
135
53
97
10
15
140
67
15
72
16
121
99
15
58
123
125
111
102
120
125
28
32
37
135
109
123
77
105
60
98
53
89
105
79
21
46
83
15
123
27
107
158
135
132
1
64
79
78
132
134
101
156
15
135
135
156
89
53
27
157
27
14
132
72
132
15
60
14
11
119
9
15
132
18
157
135
135
114
11
83
37
123
15
135
11
114
15
119
14
37
84
132
10
135
84
135
7
135
94
82
120
132
135
127
139
112
112
135
118
52
36
132
97
135
156
55
132
136
37
130
118
54
137
105
132
121
135
18
135
97
123
132
15
105
9
94
15
15
31
156
19
10
132
88
105
53
45
132
20
27
135
67
118
45
136
14
121
8
135
41
71
84
135
84
135
68
135
73
124
135
14
94
76
135
94
94
58
4
74
73
79
102
29
11
16
16
14
53
130
135
135
49
135
82
13
76
71
107
43
36
135
112
15
11
123
37
135
121
98
7
140
49
15
97
20
63
135
109
76
15
84
82
60
157
53
118
64
127
135
81
135
45
132
53
11
135
9
62
10
67
27
101
8
99
112
105
113
140
156
95
15
132
37
15
84
98
50
122
111
71
135
53
83
132
53
11
135
53
15
102
36
94
15
159
52
15
135
105
11
120
135
86
72
73
130
157
135
14
82
116
125
15
23
15
154
135
52
112
155
120
15
12
135
135
84
32
16
34
74
51
140
67
6
135
135
94
11
123
11
157
32
19
135
15
50
86
37
85
27
123
76
11
135
123
130
31
112
67
131
79
135
83
132
34
49
135
73
158
94
135
38
36
11
53
34
70
83
56
64
73
135
15
97
120
23
15
105
15
111
4
3
51
120
111
140
49
68
101
123
135
22
11
132
78
11
156
18
118
135
118
116
34
11
11
15
123
135
15
123
105
84
30
81
135
135
142
124
2
37
9
48
27
135
135
111
135
135
105
84
11
43
88
76
157
130
132
40
132
135
82
102
155
79
123
104
105
135
43
135
79
45
71
132
135
98
116
122
114
45
15
23
17
45
131
11
121
43
76
141
135
103
132
8
78
132
135
53
101
142
45
19
118
142
59
9
27
84
102
120
118
15
15
87
158
83
76
28
141
116
64
123
114
123
132
135
89
109
120
23
105
15
11
135
87
11
21
53
11
45
15
19
97
135
76
53
75
105
104
126
121
137
78
121
123
76
120
126
15
36
14
15
67
4
11
118
15
45
135
125
132
121
111
135
11
113
84
135
135
37
88
135
132
132
20
157
69
15
119
99
11
45
132
13
153
48
15
73
132
15
155
81
15
79
7
118
11
27
15
3
135
117
132
135
135
64
87
132
128
135
15
11
140
15
135
118
89
101
60
37
83
76
102
135
135
31
118
87
135
135
99
11
44
120
37
105
105
39
158
37
11
123
19
27
71
132
53
105
135
42
11
75
142
105
135
28
15
105
135
135
71
56
71
125
132
37
30
43
83
36
101
98
83
126
104
60
103
11
15
83
132
15
157
14
111
14
125
29
86
23
132
15
115
132
23
129
19
86
45
71
55
11
15
71
140
97
64
135
132
135
85
123
112
141
140
102
118
29
102
29
17
122
32
78
122
11
135
63
76
94
135
37
15
76
132
104
75
87
27
130
68
14
15
63
